0.1	0.00490986
0.1999	0.0038731
0.2998	0.00309715
0.3997	0.00249318
0.4996	0.0020134
0.5995	0.00162765
0.6994	0.00131519
0.7993	0.00106096
0.8992	0.000853616
0.9991	0.000684367
1.099	0.000546282
1.1989	0.000433802
1.2988	0.000342416
1.3987	0.000268431
1.4986	0.000208802
1.5985	0.000161004
1.6984	0.000122935
1.7983	9.28423e-05
1.8982	6.92601e-05
1.9981	5.09639e-05
2.098	3.69309e-05
2.1979	2.63085e-05
2.2978	1.83881e-05
2.3977	1.25834e-05
2.4976	8.41276e-06
2.5975	5.48357e-06
2.6974	3.47984e-06
2.7973	2.15086e-06
2.8972	1.30055e-06
2.9971	7.78253e-07
3.097	4.71036e-07
3.1969	2.97395e-07
3.2968	2.01656e-07
3.3967	1.4817e-07
3.4966	1.15732e-07
3.5965	9.29991e-08
3.6964	7.48989e-08
3.7963	5.98078e-08
3.8962	4.74233e-08
3.9961	3.75931e-08
4.096	3.0056e-08
4.1959	2.44731e-08
4.2958	2.04732e-08
4.3957	1.76876e-08
4.4956	1.57784e-08
4.5955	1.44601e-08
4.6954	1.3513e-08
4.7953	1.27824e-08
4.8952	1.21674e-08
4.9951	1.16078e-08
5.095	1.10732e-08
5.1949	1.05544e-08
5.2948	1.0055e-08
5.3947	9.58576e-09
5.4946	9.15867e-09
5.5945	8.78333e-09
5.6944	8.46483e-09
5.7943	8.20395e-09
5.8942	7.99804e-09
5.9941	7.84201e-09
6.094	7.72914e-09
6.1939	7.65181e-09
6.2938	7.60202e-09
6.3937	7.57196e-09
6.4936	7.5544e-09
6.5935	7.54305e-09
6.6934	7.5328e-09
6.7933	7.51987e-09
6.8932	7.50168e-09
6.9931	7.47666e-09
7.093	7.44407e-09
7.1929	7.40385e-09
7.2928	7.3564e-09
7.3927	7.3025e-09
7.4926	7.2432e-09
7.5925	7.17965e-09
7.6924	7.11308e-09
7.7923	7.04469e-09
7.8922	6.97559e-09
7.9921	6.90673e-09
8.092	6.83889e-09
8.1919	6.77266e-09
8.2918	6.70844e-09
8.3917	6.64649e-09
8.4916	6.58695e-09
8.5915	6.52984e-09
8.6914	6.4751e-09
8.7913	6.42262e-09
8.8912	6.37224e-09
8.9911	6.32373e-09
9.091	6.27689e-09
9.1909	6.23148e-09
9.2908	6.18726e-09
9.3907	6.14401e-09
9.4906	6.10152e-09
9.5905	6.0596e-09
9.6904	6.0181e-09
9.7903	5.97688e-09
9.8902	5.93586e-09
9.9901	5.89495e-09
10.09	5.85411e-09
10.1899	5.81329e-09
10.2898	5.77249e-09
10.3897	5.73169e-09
10.4896	5.69091e-09
10.5895	5.65016e-09
10.6894	5.60947e-09
10.7893	5.56885e-09
10.8892	5.52835e-09
10.9891	5.488e-09
11.089	5.44783e-09
11.1889	5.40788e-09
11.2888	5.36818e-09
11.3887	5.32875e-09
11.4886	5.28963e-09
11.5885	5.25085e-09
11.6884	5.21241e-09
11.7883	5.17433e-09
11.8882	5.13663e-09
11.9881	5.09932e-09
12.088	5.06239e-09
12.1879	5.02585e-09
12.2878	4.9897e-09
12.3877	4.95393e-09
12.4876	4.91855e-09
12.5875	4.88354e-09
12.6874	4.8489e-09
12.7873	4.81461e-09
12.8872	4.78067e-09
12.9871	4.74708e-09
13.087	4.71381e-09
13.1869	4.68087e-09
13.2868	4.64823e-09
13.3867	4.61589e-09
13.4866	4.58384e-09
13.5865	4.55207e-09
13.6864	4.52057e-09
13.7863	4.48934e-09
13.8862	4.45835e-09
13.9861	4.42762e-09
14.086	4.39712e-09
14.1859	4.36686e-09
14.2858	4.33682e-09
14.3857	4.30701e-09
14.4856	4.27742e-09
14.5855	4.24804e-09
14.6854	4.21888e-09
14.7853	4.18991e-09
14.8852	4.16117e-09
14.9851	4.13263e-09
15.085	4.10429e-09
15.1849	4.07614e-09
15.2848	4.0482e-09
15.3847	4.02046e-09
15.4846	3.99291e-09
15.5845	3.96555e-09
15.6844	3.93839e-09
15.7843	3.91143e-09
15.8842	3.88465e-09
15.9841	3.85807e-09
16.084	3.83168e-09
16.1839	3.80548e-09
16.2838	3.77946e-09
16.3837	3.75364e-09
16.4836	3.728e-09
16.5835	3.70255e-09
16.6834	3.67728e-09
16.7833	3.6522e-09
16.8832	3.6273e-09
16.9831	3.60258e-09
17.083	3.57804e-09
17.1829	3.55369e-09
17.2828	3.52951e-09
17.3827	3.5055e-09
17.4826	3.48167e-09
17.5825	3.45802e-09
17.6824	3.43454e-09
17.7823	3.41123e-09
17.8822	3.38809e-09
17.9821	3.36511e-09
18.082	3.34231e-09
18.1819	3.31966e-09
18.2818	3.29718e-09
18.3817	3.27487e-09
18.4816	3.25271e-09
18.5815	3.23071e-09
18.6814	3.20887e-09
18.7813	3.18718e-09
18.8812	3.16565e-09
18.9811	3.14427e-09
19.081	3.12304e-09
19.1809	3.10196e-09
19.2808	3.08102e-09
19.3807	3.06024e-09
19.4806	3.0396e-09
19.5805	3.0191e-09
19.6804	2.99874e-09
19.7803	2.97853e-09
19.8802	2.95846e-09
19.9801	2.93852e-09
20.08	2.91872e-09
20.1799	2.89906e-09
20.2798	2.87953e-09
20.3797	2.86013e-09
20.4796	2.84087e-09
20.5795	2.82174e-09
20.6794	2.80274e-09
20.7793	2.78386e-09
20.8792	2.76512e-09
20.9791	2.7465e-09
21.079	2.72801e-09
21.1789	2.70964e-09
21.2788	2.6914e-09
21.3787	2.67328e-09
21.4786	2.65527e-09
21.5785	2.6374e-09
21.6784	2.61964e-09
21.7783	2.602e-09
21.8782	2.58448e-09
21.9781	2.56707e-09
22.078	2.54979e-09
22.1779	2.53261e-09
22.2778	2.51556e-09
22.3777	2.49861e-09
22.4776	2.48178e-09
22.5775	2.46506e-09
22.6774	2.44846e-09
22.7773	2.43196e-09
22.8772	2.41557e-09
22.9771	2.39929e-09
23.077	2.38312e-09
23.1769	2.36706e-09
23.2768	2.35111e-09
23.3767	2.33526e-09
23.4766	2.31951e-09
23.5765	2.30387e-09
23.6764	2.28833e-09
23.7763	2.2729e-09
23.8762	2.25757e-09
23.9761	2.24234e-09
24.076	2.22721e-09
24.1759	2.21218e-09
24.2758	2.19725e-09
24.3757	2.18242e-09
24.4756	2.16769e-09
24.5755	2.15305e-09
24.6754	2.13851e-09
24.7753	2.12407e-09
24.8752	2.10972e-09
24.9751	2.09547e-09
25.075	2.08131e-09
25.1749	2.06724e-09
25.2748	2.05326e-09
25.3747	2.03938e-09
25.4746	2.02559e-09
25.5745	2.01189e-09
25.6744	1.99828e-09
25.7743	1.98476e-09
25.8742	1.97133e-09
25.9741	1.95798e-09
26.074	1.94472e-09
26.1739	1.93155e-09
26.2738	1.91847e-09
26.3737	1.90547e-09
26.4736	1.89256e-09
26.5735	1.87973e-09
26.6734	1.86698e-09
26.7733	1.85432e-09
26.8732	1.84174e-09
26.9731	1.82925e-09
27.073	1.81683e-09
27.1729	1.8045e-09
27.2728	1.79224e-09
27.3727	1.78007e-09
27.4726	1.76797e-09
27.5725	1.75595e-09
27.6724	1.74402e-09
27.7723	1.73215e-09
27.8722	1.72037e-09
27.9721	1.70866e-09
28.072	1.69703e-09
28.1719	1.68547e-09
28.2718	1.67399e-09
28.3717	1.66259e-09
28.4716	1.65125e-09
28.5715	1.64e-09
28.6714	1.62881e-09
28.7713	1.61769e-09
28.8712	1.60665e-09
28.9711	1.59568e-09
29.071	1.58478e-09
29.1709	1.57395e-09
29.2708	1.56319e-09
29.3707	1.5525e-09
29.4706	1.54188e-09
29.5705	1.53133e-09
29.6704	1.52085e-09
29.7703	1.51043e-09
29.8702	1.50008e-09
29.9701	1.4898e-09
30.07	1.47959e-09
30.1699	1.46944e-09
30.2698	1.45935e-09
30.3697	1.44933e-09
30.4696	1.43938e-09
30.5695	1.42949e-09
30.6694	1.41966e-09
30.7693	1.4099e-09
30.8692	1.40019e-09
30.9691	1.39056e-09
31.069	1.38098e-09
31.1689	1.37147e-09
31.2688	1.36201e-09
31.3687	1.35262e-09
31.4686	1.34329e-09
31.5685	1.33402e-09
31.6684	1.3248e-09
31.7683	1.31565e-09
31.8682	1.30656e-09
31.9681	1.29752e-09
32.068	1.28854e-09
32.1679	1.27962e-09
32.2678	1.27076e-09
32.3677	1.26196e-09
32.4676	1.25321e-09
32.5675	1.24452e-09
32.6674	1.23588e-09
32.7673	1.2273e-09
32.8672	1.21877e-09
32.9671	1.2103e-09
33.067	1.20189e-09
33.1669	1.19352e-09
33.2668	1.18522e-09
33.3667	1.17696e-09
33.4666	1.16876e-09
33.5665	1.16061e-09
33.6664	1.15251e-09
33.7663	1.14447e-09
33.8662	1.13648e-09
33.9661	1.12853e-09
34.066	1.12064e-09
34.1659	1.1128e-09
34.2658	1.10502e-09
34.3657	1.09728e-09
34.4656	1.08959e-09
34.5655	1.08195e-09
34.6654	1.07436e-09
34.7653	1.06682e-09
34.8652	1.05932e-09
34.9651	1.05188e-09
35.065	1.04448e-09
35.1649	1.03713e-09
35.2648	1.02983e-09
35.3647	1.02257e-09
35.4646	1.01536e-09
35.5645	1.0082e-09
35.6644	1.00109e-09
35.7643	9.94017e-10
35.8642	9.86992e-10
35.9641	9.80013e-10
36.064	9.73079e-10
36.1639	9.66189e-10
36.2638	9.59344e-10
36.3637	9.52542e-10
36.4636	9.45785e-10
36.5635	9.39071e-10
36.6634	9.32401e-10
36.7633	9.25773e-10
36.8632	9.19188e-10
36.9631	9.12646e-10
37.063	9.06146e-10
37.1629	8.99688e-10
37.2628	8.93271e-10
37.3627	8.86896e-10
37.4626	8.80562e-10
37.5625	8.74269e-10
37.6624	8.68016e-10
37.7623	8.61804e-10
37.8622	8.55632e-10
37.9621	8.495e-10
38.062	8.43408e-10
38.1619	8.37354e-10
38.2618	8.3134e-10
38.3617	8.25365e-10
38.4616	8.19429e-10
38.5615	8.1353e-10
38.6614	8.0767e-10
38.7613	8.01848e-10
38.8612	7.96064e-10
38.9611	7.90317e-10
39.061	7.84607e-10
39.1609	7.78934e-10
39.2608	7.73298e-10
39.3607	7.67699e-10
39.4606	7.62135e-10
39.5605	7.56608e-10
39.6604	7.51116e-10
39.7603	7.45661e-10
39.8602	7.4024e-10
39.9601	7.34855e-10
40.06	7.29505e-10
40.1599	7.24189e-10
40.2598	7.18908e-10
40.3597	7.13661e-10
40.4596	7.08448e-10
40.5595	7.03269e-10
40.6594	6.98124e-10
40.7593	6.93013e-10
40.8592	6.87934e-10
40.9591	6.82889e-10
41.059	6.77876e-10
41.1589	6.72896e-10
41.2588	6.67948e-10
41.3587	6.63033e-10
41.4586	6.5815e-10
41.5585	6.53298e-10
41.6584	6.48479e-10
41.7583	6.4369e-10
41.8582	6.38933e-10
41.9581	6.34207e-10
42.058	6.29512e-10
42.1579	6.24847e-10
42.2578	6.20213e-10
42.3577	6.15609e-10
42.4576	6.11036e-10
42.5575	6.06492e-10
42.6574	6.01978e-10
42.7573	5.97494e-10
42.8572	5.93039e-10
42.9571	5.88613e-10
43.057	5.84216e-10
43.1569	5.79848e-10
43.2568	5.75508e-10
43.3567	5.71198e-10
43.4566	5.66915e-10
43.5565	5.62661e-10
43.6564	5.58434e-10
43.7563	5.54235e-10
43.8562	5.50064e-10
43.9561	5.45921e-10
44.056	5.41805e-10
44.1559	5.37715e-10
44.2558	5.33653e-10
44.3557	5.29618e-10
44.4556	5.25609e-10
44.5555	5.21626e-10
44.6554	5.1767e-10
44.7553	5.1374e-10
44.8552	5.09836e-10
44.9551	5.05958e-10
45.055	5.02106e-10
45.1549	4.98279e-10
45.2548	4.94477e-10
45.3547	4.90701e-10
45.4546	4.86949e-10
45.5545	4.83223e-10
45.6544	4.79521e-10
45.7543	4.75844e-10
45.8542	4.72191e-10
45.9541	4.68563e-10
46.054	4.64958e-10
46.1539	4.61378e-10
46.2538	4.57821e-10
46.3537	4.54289e-10
46.4536	4.50779e-10
46.5535	4.47293e-10
46.6534	4.43831e-10
46.7533	4.40391e-10
46.8532	4.36975e-10
46.9531	4.33581e-10
47.053	4.3021e-10
47.1529	4.26862e-10
47.2528	4.23536e-10
47.3527	4.20232e-10
47.4526	4.16951e-10
47.5525	4.13691e-10
47.6524	4.10454e-10
47.7523	4.07238e-10
47.8522	4.04044e-10
47.9521	4.00871e-10
48.052	3.9772e-10
48.1519	3.9459e-10
48.2518	3.91481e-10
48.3517	3.88393e-10
48.4516	3.85326e-10
48.5515	3.82279e-10
48.6514	3.79253e-10
48.7513	3.76248e-10
48.8512	3.73263e-10
48.9511	3.70298e-10
49.051	3.67353e-10
49.1509	3.64428e-10
49.2508	3.61524e-10
49.3507	3.58638e-10
49.4506	3.55773e-10
49.5505	3.52927e-10
49.6504	3.501e-10
49.7503	3.47292e-10
49.8502	3.44504e-10
49.9501	3.41735e-10
50.05	3.38985e-10
50.1499	3.36253e-10
50.2498	3.3354e-10
50.3497	3.30846e-10
50.4496	3.2817e-10
50.5495	3.25512e-10
50.6494	3.22873e-10
50.7493	3.20252e-10
50.8492	3.17648e-10
50.9491	3.15063e-10
51.049	3.12495e-10
51.1489	3.09946e-10
51.2488	3.07413e-10
51.3487	3.04898e-10
51.4486	3.02401e-10
51.5485	2.99921e-10
51.6484	2.97458e-10
51.7483	2.95012e-10
51.8482	2.92583e-10
51.9481	2.9017e-10
52.048	2.87775e-10
52.1479	2.85396e-10
52.2478	2.83033e-10
52.3477	2.80688e-10
52.4476	2.78358e-10
52.5475	2.76044e-10
52.6474	2.73747e-10
52.7473	2.71466e-10
52.8472	2.69201e-10
52.9471	2.66951e-10
53.047	2.64717e-10
53.1469	2.62499e-10
53.2468	2.60297e-10
53.3467	2.5811e-10
53.4466	2.55938e-10
53.5465	2.53781e-10
53.6464	2.5164e-10
53.7463	2.49514e-10
53.8462	2.47402e-10
53.9461	2.45306e-10
54.046	2.43224e-10
54.1459	2.41158e-10
54.2458	2.39105e-10
54.3457	2.37068e-10
54.4456	2.35044e-10
54.5455	2.33035e-10
54.6454	2.31041e-10
54.7453	2.2906e-10
54.8452	2.27094e-10
54.9451	2.25141e-10
55.045	2.23203e-10
55.1449	2.21278e-10
55.2448	2.19367e-10
55.3447	2.1747e-10
55.4446	2.15586e-10
55.5445	2.13716e-10
55.6444	2.11859e-10
55.7443	2.10016e-10
55.8442	2.08186e-10
55.9441	2.06369e-10
56.044	2.04565e-10
56.1439	2.02774e-10
56.2438	2.00996e-10
56.3437	1.9923e-10
56.4436	1.97478e-10
56.5435	1.95738e-10
56.6434	1.94011e-10
56.7433	1.92296e-10
56.8432	1.90594e-10
56.9431	1.88904e-10
57.043	1.87227e-10
57.1429	1.85561e-10
57.2428	1.83908e-10
57.3427	1.82267e-10
57.4426	1.80638e-10
57.5425	1.79021e-10
57.6424	1.77416e-10
57.7423	1.75822e-10
57.8422	1.7424e-10
57.9421	1.7267e-10
58.042	1.71111e-10
58.1419	1.69564e-10
58.2418	1.68028e-10
58.3417	1.66504e-10
58.4416	1.6499e-10
58.5415	1.63488e-10
58.6414	1.61998e-10
58.7413	1.60518e-10
58.8412	1.59049e-10
58.9411	1.57591e-10
59.041	1.56144e-10
59.1409	1.54708e-10
59.2408	1.53282e-10
59.3407	1.51867e-10
59.4406	1.50463e-10
59.5405	1.49069e-10
59.6404	1.47686e-10
59.7403	1.46313e-10
59.8402	1.4495e-10
59.9401	1.43597e-10
60.04	1.42255e-10
60.1399	1.40923e-10
60.2398	1.39601e-10
60.3397	1.38289e-10
60.4396	1.36987e-10
60.5395	1.35695e-10
60.6394	1.34412e-10
60.7393	1.3314e-10
60.8392	1.31877e-10
60.9391	1.30623e-10
61.039	1.29379e-10
61.1389	1.28145e-10
61.2388	1.2692e-10
61.3387	1.25705e-10
61.4386	1.24499e-10
61.5385	1.23302e-10
61.6384	1.22114e-10
61.7383	1.20936e-10
61.8382	1.19766e-10
61.9381	1.18606e-10
62.038	1.17454e-10
62.1379	1.16312e-10
62.2378	1.15178e-10
62.3377	1.14053e-10
62.4376	1.12937e-10
62.5375	1.1183e-10
62.6374	1.10731e-10
62.7373	1.09641e-10
62.8372	1.08559e-10
62.9371	1.07486e-10
63.037	1.06421e-10
63.1369	1.05365e-10
63.2368	1.04317e-10
63.3367	1.03277e-10
63.4366	1.02246e-10
63.5365	1.01222e-10
63.6364	1.00207e-10
63.7363	9.91994e-11
63.8362	9.82001e-11
63.9361	9.72087e-11
64.036	9.62252e-11
64.1359	9.52496e-11
64.2358	9.42818e-11
64.3357	9.33217e-11
64.4356	9.23692e-11
64.5355	9.14245e-11
64.6354	9.04873e-11
64.7353	8.95577e-11
64.8352	8.86355e-11
64.9351	8.77208e-11
65.035	8.68135e-11
65.1349	8.59136e-11
65.2348	8.5021e-11
65.3347	8.41356e-11
65.4346	8.32574e-11
65.5345	8.23864e-11
65.6344	8.15225e-11
65.7343	8.06656e-11
65.8342	7.98158e-11
65.9341	7.89729e-11
66.034	7.8137e-11
66.1339	7.7308e-11
66.2338	7.64858e-11
66.3337	7.56704e-11
66.4336	7.48618e-11
66.5335	7.40598e-11
66.6334	7.32645e-11
66.7333	7.24759e-11
66.8332	7.16938e-11
66.9331	7.09182e-11
67.033	7.01492e-11
67.1329	6.93865e-11
67.2328	6.86303e-11
67.3327	6.78804e-11
67.4326	6.71369e-11
67.5325	6.63996e-11
67.6324	6.56686e-11
67.7323	6.49437e-11
67.8322	6.42251e-11
67.9321	6.35125e-11
68.032	6.2806e-11
68.1319	6.21055e-11
68.2318	6.1411e-11
68.3317	6.07225e-11
68.4316	6.00399e-11
68.5315	5.93631e-11
68.6314	5.86922e-11
68.7313	5.8027e-11
68.8312	5.73677e-11
68.9311	5.6714e-11
69.031	5.6066e-11
69.1309	5.54237e-11
69.2308	5.47869e-11
69.3307	5.41558e-11
69.4306	5.35301e-11
69.5305	5.291e-11
69.6304	5.22953e-11
69.7303	5.1686e-11
69.8302	5.1082e-11
69.9301	5.04835e-11
70.03	4.98902e-11
70.1299	4.93022e-11
70.2298	4.87195e-11
70.3297	4.81419e-11
70.4296	4.75695e-11
70.5295	4.70022e-11
70.6294	4.64401e-11
70.7293	4.58829e-11
70.8292	4.53308e-11
70.9291	4.47837e-11
71.029	4.42416e-11
71.1289	4.37044e-11
71.2288	4.31721e-11
71.3287	4.26446e-11
71.4286	4.21219e-11
71.5285	4.16041e-11
71.6284	4.1091e-11
71.7283	4.05826e-11
71.8282	4.00789e-11
71.9281	3.95798e-11
72.028	3.90854e-11
72.1279	3.85956e-11
72.2278	3.81104e-11
72.3277	3.76296e-11
72.4276	3.71534e-11
72.5275	3.66817e-11
72.6274	3.62143e-11
72.7273	3.57514e-11
72.8272	3.52929e-11
72.9271	3.48387e-11
73.027	3.43888e-11
73.1269	3.39433e-11
73.2268	3.35019e-11
73.3267	3.30648e-11
73.4266	3.26319e-11
73.5265	3.22032e-11
73.6264	3.17786e-11
73.7263	3.13581e-11
73.8262	3.09416e-11
73.9261	3.05293e-11
74.026	3.01209e-11
74.1259	2.97166e-11
74.2258	2.93162e-11
74.3257	2.89197e-11
74.4256	2.85272e-11
74.5255	2.81385e-11
74.6254	2.77537e-11
74.7253	2.73727e-11
74.8252	2.69956e-11
74.9251	2.66222e-11
75.025	2.62525e-11
75.1249	2.58866e-11
75.2248	2.55243e-11
75.3247	2.51657e-11
75.4246	2.48108e-11
75.5245	2.44595e-11
75.6244	2.41117e-11
75.7243	2.37675e-11
75.8242	2.34269e-11
75.9241	2.30897e-11
76.024	2.27561e-11
76.1239	2.24259e-11
76.2238	2.20991e-11
76.3237	2.17758e-11
76.4236	2.14558e-11
76.5235	2.11392e-11
76.6234	2.0826e-11
76.7233	2.0516e-11
76.8232	2.02094e-11
76.9231	1.9906e-11
77.023	1.96058e-11
77.1229	1.93089e-11
77.2228	1.90151e-11
77.3227	1.87245e-11
77.4226	1.84371e-11
77.5225	1.81528e-11
77.6224	1.78716e-11
77.7223	1.75934e-11
77.8222	1.73183e-11
77.9221	1.70463e-11
78.022	1.67773e-11
78.1219	1.65112e-11
78.2218	1.62481e-11
78.3217	1.5988e-11
78.4216	1.57307e-11
78.5215	1.54764e-11
78.6214	1.52249e-11
78.7213	1.49764e-11
78.8212	1.47306e-11
78.9211	1.44876e-11
79.021	1.42475e-11
79.1209	1.40101e-11
79.2208	1.37755e-11
79.3207	1.35435e-11
79.4206	1.33143e-11
79.5205	1.30878e-11
79.6204	1.2864e-11
79.7203	1.26428e-11
79.8202	1.24242e-11
79.9201	1.22083e-11
80.02	1.19949e-11
80.1199	1.17841e-11
80.2198	1.15758e-11
80.3197	1.13701e-11
80.4196	1.11669e-11
80.5195	1.09661e-11
80.6194	1.07679e-11
80.7193	1.0572e-11
80.8192	1.03787e-11
80.9191	1.01877e-11
81.019	9.99912e-12
81.1189	9.81293e-12
81.2188	9.62909e-12
81.3187	9.44759e-12
81.4186	9.26841e-12
81.5185	9.09154e-12
81.6184	8.91695e-12
81.7183	8.74462e-12
81.8182	8.57455e-12
81.9181	8.40671e-12
82.018	8.24108e-12
82.1179	8.07765e-12
82.2178	7.9164e-12
82.3177	7.75731e-12
82.4176	7.60036e-12
82.5175	7.44554e-12
82.6174	7.29284e-12
82.7173	7.14222e-12
82.8172	6.99369e-12
82.9171	6.84721e-12
83.017	6.70278e-12
83.1169	6.56038e-12
83.2168	6.41998e-12
83.3167	6.28158e-12
83.4166	6.14517e-12
83.5165	6.01071e-12
83.6164	5.8782e-12
83.7163	5.74762e-12
83.8162	5.61897e-12
83.9161	5.4922e-12
84.016	5.36732e-12
84.1159	5.24431e-12
84.2158	5.12316e-12
84.3157	5.00384e-12
84.4156	4.88635e-12
84.5155	4.77066e-12
84.6154	4.65677e-12
84.7153	4.54466e-12
84.8152	4.43431e-12
84.9151	4.32571e-12
85.015	4.21884e-12
85.1149	4.11369e-12
85.2148	4.01025e-12
85.3147	3.9085e-12
85.4146	3.80843e-12
85.5145	3.71002e-12
85.6144	3.61326e-12
85.7143	3.51813e-12
85.8142	3.42463e-12
85.9141	3.33273e-12
86.014	3.24243e-12
86.1139	3.15371e-12
86.2138	3.06655e-12
86.3137	2.98094e-12
86.4136	2.89688e-12
86.5135	2.81434e-12
86.6134	2.73332e-12
86.7133	2.6538e-12
86.8132	2.57576e-12
86.9131	2.4992e-12
87.013	2.4241e-12
87.1129	2.35045e-12
87.2128	2.27824e-12
87.3127	2.20745e-12
87.4126	2.13807e-12
87.5125	2.07009e-12
87.6124	2.00349e-12
87.7123	1.93828e-12
87.8122	1.87442e-12
87.9121	1.81191e-12
88.012	1.75074e-12
88.1119	1.6909e-12
88.2118	1.63237e-12
88.3117	1.57514e-12
88.4116	1.51921e-12
88.5115	1.46455e-12
88.6114	1.41116e-12
88.7113	1.35903e-12
88.8112	1.30814e-12
88.9111	1.25849e-12
89.011	1.21005e-12
89.1109	1.16283e-12
89.2108	1.11681e-12
89.3107	1.07198e-12
89.4106	1.02832e-12
89.5105	9.8583e-13
89.6104	9.44497e-13
89.7103	9.0431e-13
89.8102	8.65256e-13
89.9101	8.27327e-13
90.01	7.90512e-13
90.1099	7.54799e-13
90.2098	7.20179e-13
90.3097	6.86641e-13
90.4096	6.54176e-13
90.5095	6.22772e-13
90.6094	5.9242e-13
90.7093	5.63109e-13
90.8092	5.3483e-13
90.9091	5.07573e-13
91.009	4.81328e-13
91.1089	4.56084e-13
91.2088	4.31833e-13
91.3087	4.08565e-13
91.4086	3.8627e-13
91.5085	3.64938e-13
91.6084	3.44561e-13
91.7083	3.25128e-13
91.8082	3.0663e-13
91.9081	2.89059e-13
92.008	2.72404e-13
92.1079	2.56657e-13
92.2078	2.41809e-13
92.3077	2.2785e-13
92.4076	2.14772e-13
92.5075	2.02566e-13
92.6074	1.91222e-13
92.7073	1.80732e-13
92.8072	1.71088e-13
92.9071	1.6228e-13
93.007	1.54301e-13
93.1069	1.47141e-13
93.2068	1.40791e-13
93.3067	1.35245e-13
93.4066	1.30493e-13
93.5065	1.26526e-13
93.6064	1.23337e-13
93.7063	1.20918e-13
93.8062	1.19259e-13
93.9061	1.18354e-13
94.006	1.18194e-13
94.1059	1.18771e-13
94.2058	1.20078e-13
94.3057	1.22105e-13
94.4056	1.24847e-13
94.5055	1.28294e-13
94.6054	1.32439e-13
94.7053	1.37274e-13
94.8052	1.42792e-13
94.9051	1.48986e-13
95.005	1.55847e-13
95.1049	1.63368e-13
95.2048	1.71543e-13
95.3047	1.80363e-13
95.4046	1.89821e-13
95.5045	1.9991e-13
95.6044	2.10624e-13
95.7043	2.21954e-13
95.8042	2.33893e-13
95.9041	2.46435e-13
96.004	2.59573e-13
96.1039	2.733e-13
96.2038	2.87608e-13
96.3037	3.02491e-13
96.4036	3.17943e-13
96.5035	3.33956e-13
96.6034	3.50523e-13
96.7033	3.67639e-13
96.8032	3.85296e-13
96.9031	4.03488e-13
97.003	4.22209e-13
97.1029	4.41452e-13
97.2028	4.6121e-13
97.3027	4.81477e-13
97.4026	5.02248e-13
97.5025	5.23514e-13
97.6024	5.45272e-13
97.7023	5.67513e-13
97.8022	5.90233e-13
97.9021	6.13425e-13
98.002	6.37082e-13
98.1019	6.612e-13
98.2018	6.85771e-13
98.3017	7.10791e-13
98.4016	7.36253e-13
98.5015	7.62151e-13
98.6014	7.8848e-13
98.7013	8.15233e-13
98.8012	8.42406e-13
98.9011	8.69992e-13
99.001	8.97986e-13
99.1009	9.26382e-13
99.2008	9.55175e-13
99.3007	9.84359e-13
99.4006	1.01393e-12
99.5005	1.04388e-12
99.6004	1.0742e-12
99.7003	1.1049e-12
99.8002	1.13596e-12
99.9001	1.16738e-12
